0 156
0 182
0 183
0 184
0 186
0 188
0 189
0 347
1 22
1 23
1 25
1 26
1 213
1 214
1 216
2 121
2 339
3 154
4 107
4 110
4 112
5 83
5 275
6 197
7 18
7 129
7 130
7 196
7 319
8 36
8 37
9 4
9 5
9 77
9 78
9 79
9 96
9 193
9 194
9 195
9 196
10 34
10 35
10 99
10 224
10 225
13 48
15 69
15 256
15 257
16 95
16 286
16 287
17 127
17 128
17 318
18 144
18 159
18 338
23 43
27 123
42 254
43 93
43 211
43 234
44 52
44 53
44 74
44 243
47 322
48 161
55 53
55 55
56 84
56 197
56 274
57 138
57 304
57 328
58 165
58 168
58 333
59 6
59 7
59 8
59 9
59 194
59 195
59 196
59 198
59 199
59 200
60 34
60 35
60 36
60 38
60 39
60 229
61 49
64 346
65 90
65 279
66 119
66 306
78 91
80 55
80 57
81 85
81 86
81 88
81 185
81 278
82 31
88 206
94 264
102 80
107 78
107 79
107 268
108 107
108 108
112 129
115 27
115 219
118 309
129 112
